EDGE 0 on (1.0, 2.0, 0.5, 1.0, 0.0)
EDGE 1 on (3.0, 4.0, 0.5, 1.0, 0.0)
EDGE 2 on (6.0, 7.0, 0.5, 1.0, 0.0)
EDGE 3 on (7.0, 3.0, 0.5, 1.0, 0.0)
EDGE 4 on (2.0, 8.0, 0.5, 1.0, 0.0)
EDGE 5 on (9.0, 8.0, 0.5, 1.0, 0.0)
EDGE 6 on (10.0, 11.0, 0.5, 1.0, 0.0)
EDGE 7 on (12.0, 13.0, 0.5, 1.0, 0.0)
EDGE 8 on (16.0, 17.0, 0.5, 1.0, 0.0)
EDGE 9 on (17.0, 18.0, 0.5, 1.0, 0.0)
EDGE 10 on (18.0, 19.0, 0.5, 1.0, 0.0)
EDGE 11 on (15.0, 21.0, 0.5, 0.75, 0.0)
EDGE 12 on (21.0, 22.0, 0.5, 1.0, 0.0)
EDGE 13 on (24.0, 25.0, 0.5, 1.0, 0.0)
EDGE 14 on (24.0, 26.0, 0.5, 1.0, 0.0)
EDGE 15 on (14.0, 27.0, 0.5, 1.0, 0.0)
EDGE 16 on (7.0, 30.0, 0.5, 1.0, 0.0)
EDGE 17 on (30.0, 29.0, 0.5, 0.6000000238418579, 1.0)
EDGE 18 on (2.0, 31.0, 0.5, 1.0, 0.0)
EDGE 19 on (31.0, 3.0, 0.5, 1.0, 0.0)
EDGE 20 on (31.0, 31.0, 0.5, 1.0, 0.0)
EDGE 21 on (31.0, 33.0, 0.5, 1.0, 1.0)
EDGE 22 on (33.0, 34.0, 0.5, 1.0, 0.0)
EDGE 23 on (8.0, 30.0, 0.5, 1.0, 0.0)
EDGE 24 on (38.0, 37.0, 0.5, 0.6000000238418579, 1.0)
EDGE 25 on (36.0, 35.0, 0.5, 0.6000000238418579, 1.0)
EDGE 26 on (22.0, 35.0, 0.5, 1.0, 0.0)
EDGE 27 on (35.0, 23.0, 0.5, 1.0, 0.0)
EDGE 28 on (23.0, 37.0, 0.5, 1.0, 0.0)
EDGE 29 on (41.0, 21.0, 0.5, 0.20000000298023224, 0.0)
EDGE 30 on (44.0, 15.0, 0.5, 0.5, 0.0)
EDGE 31 on (4.0, 48.0, 0.5, 1.0, 0.0)
EDGE 32 on (49.0, 14.0, 0.5, 1.0, 0.0)
EDGE 33 on (49.0, 50.0, 0.5, 1.0, 0.0)
EDGE 34 on (50.0, 12.0, 0.5, 1.0, 0.0)
EDGE 35 on (51.0, 41.0, 0.5, 1.0, 0.0)
EDGE 36 on (52.0, 44.0, 0.5, 0.5, 0.0)
EDGE 37 on (52.0, 28.0, 0.5, 1.0, 0.0)
EDGE 38 on (18.0, 53.0, 0.5, 1.0, 0.0)
EDGE 39 on (53.0, 43.0, 0.5, 1.0, 0.0)
EDGE 40 on (54.0, 6.0, 0.5, 1.0, 0.0)
EDGE 41 on (54.0, 55.0, 0.5, 0.3499999940395355, 0.0)
EDGE 42 on (55.0, 10.0, 0.5, 1.0, 0.0)
EDGE 43 on (6.0, 56.0, 0.5, 1.0, 0.0)
EDGE 44 on (56.0, 48.0, 0.5, 1.0, 0.0)
EDGE 45 on (58.0, 24.0, 0.5, 1.0, 0.0)
EDGE 46 on (57.0, 58.0, 0.5, 0.5, 0.0)
EDGE 47 on (57.0, 11.0, 0.5, 1.0, 0.0)
EDGE 48 on (60.0, 12.0, 0.5, 1.0, 0.0)
EDGE 49 on (59.0, 60.0, 0.5, 0.5, 0.0)
EDGE 50 on (59.0, 11.0, 0.5, 1.0, 0.0)
EDGE 51 on (61.0, 43.0, 0.5, 0.5, 0.0)
EDGE 52 on (62.0, 23.0, 0.5, 1.0, 0.0)
EDGE 53 on (62.0, 11.0, 0.5, 1.0, 0.0)
EDGE 54 on (62.0, 63.0, 0.5, 1.0, 0.0)
EDGE 55 on (61.0, 64.0, 0.5, 1.0, 0.0)
EDGE 56 on (64.0, 15.0, 0.5, 0.75, 0.0)
EDGE 57 on (0.0, 5.0, 0.5, 1.0, 0.0)
EDGE 58 on (5.0, 28.0, 0.5, 1.0, 0.0)
EDGE 59 on (5.0, 27.0, 0.5, 1.0, 0.0)
EDGE 60 on (20.0, 16.0, 0.5, 1.0, 0.0)
EDGE 61 on (22.0, 23.0, 0.5, 1.0, 0.0)

